Users
1130101
1130102
1130103
1130201
1130202
1130203

Groups	Group Size	Number of Questions
11301	3			2
11302	3			2

Group 11301 Question 1
Average dispersion 77.7452777778 Average X 556.094814815 Average Y 428.20537037
User closest to centroid 1130103

Dispersions per window 
47.0
46.2
49.1
49.3
42.9
45.9
91.3
149.6
163.1
164.4
165.1
122.2
68.6
63.2
64.6
68.4
79.0
75.9
69.1
65.2
53.7
38.7
35.5
38.5
50.7
65.7
74.375
87.8333333333
97.75
99.5

X-Y coordinates of centroids per window 
976.066666667 400.466666667
973.8 397.133333333
971.533333333 400.0
970.666666667 407.2
967.4 411.133333333
970.4 411.0
938.133333333 413.466666667
881.266666667 415.6
772.466666667 420.066666667
653.733333333 430.133333333
536.933333333 439.866666667
454.933333333 447.266666667
401.0 452.733333333
395.733333333 447.466666667
397.333333333 440.133333333
390.866666667 432.666666667
382.4 423.133333333
374.666666667 417.266666667
369.6 417.466666667
361.466666667 417.266666667
358.2 420.733333333
358.6 428.466666667
356.666666667 429.733333333
351.266666667 435.4
350.666666667 441.533333333
352.266666667 445.133333333
351.833333333 446.75
350.777777778 451.777777778
352.5 451.833333333
359.666666667 453.333333333

Users closest to the centroid per window
1130101
1130101
1130101
1130101
1130101
1130103
1130103
1130103
1130103
1130103
1130101
1130101
1130101
1130101
1130102
1130103
1130103
1130103
1130103
1130103
1130103
1130103
1130103
1130103
1130103
1130102
1130102
1130102
1130102
1130102


Group 11301 Question 2
Average dispersion 343.032777778 Average X 484.197407407 Average Y 371.470555556
User closest to centroid 1130101

Dispersions per window 
701.3
701.3
703.3
703.9
706.1
706.9
713.2
714.2
678.9
642.7
604.3
491.9
376.6
308.1
236.9
167.6
150.9
137.6
117.0
98.3
88.7
80.2
73.7
66.2
63.2
49.4
49.75
50.8333333333
55.0
53.0

X-Y coordinates of centroids per window 
642.466666667 276.733333333
644.4 272.2
645.8 278.333333333
646.466666667 277.733333333
645.266666667 276.066666667
641.8 274.8
615.2 285.6
590.066666667 281.666666667
531.133333333 285.733333333
468.266666667 296.066666667
409.666666667 301.133333333
415.066666667 326.466666667
414.6 357.4
442.066666667 385.533333333
472.266666667 411.6
503.133333333 439.533333333
482.733333333 447.066666667
465.866666667 451.4
455.866666667 453.533333333
449.333333333 449.666666667
437.133333333 447.6
424.4 437.8
411.6 429.866666667
400.666666667 425.133333333
388.4 426.666666667
377.866666667 426.866666667
377.166666667 427.416666667
377.888888889 429.666666667
377.0 430.5
372.333333333 434.333333333

Users closest to the centroid per window
1130103
1130103
1130101
1130101
1130101
1130101
1130101
1130103
1130103
1130103
1130101
1130101
1130101
1130101
1130101
1130101
1130101
1130101
1130101
1130101
1130101
1130103
1130101
1130101
1130102
1130102
1130102
1130102
1130102
1130102


Group 11302 Question 1
Average dispersion 398.55 Average X 738.159444444 Average Y 494.456851852
User closest to centroid 1130203

Dispersions per window 
75.9
79.1
75.9
76.7
79.4
90.8
149.8
235.8
314.8
398.5
470.2
498.2
502.5
516.2
518.3
526.5
522.9
520.8
514.1
513.8
510.4
515.4
517.9
519.7
520.4
529.0
531.0
534.5
540.5
557.5

X-Y coordinates of centroids per window 
951.2 436.533333333
950.933333333 431.733333333
954.0 432.4
958.0 431.333333333
959.666666667 430.266666667
966.333333333 431.866666667
958.333333333 440.6
917.333333333 448.933333333
847.133333333 463.666666667
776.533333333 478.266666667
705.466666667 491.533333333
645.933333333 498.333333333
620.466666667 499.6
622.666666667 494.8
630.733333333 493.066666667
630.066666667 488.4
633.866666667 486.8
632.666666667 486.8
632.266666667 496.2
630.4 503.2
635.266666667 513.8
637.533333333 522.666666667
639.2 535.466666667
647.466666667 542.4
654.466666667 552.133333333
656.6 554.933333333
659.583333333 560.25
668.0 566.222222222
666.333333333 567.166666667
656.333333333 554.333333333

Users closest to the centroid per window
1130202
1130202
1130202
1130202
1130202
1130203
1130203
1130203
1130203
1130203
1130203
1130203
1130203
1130203
1130203
1130203
1130203
1130203
1130203
1130203
1130203
1130203
1130203
1130203
1130203
1130203
1130203
1130203
1130203
1130203


Group 11302 Question 2
Average dispersion 369.119444444 Average X 540.878518519 Average Y 376.238518519
User closest to centroid 1130203

Dispersions per window 
580.2
615.0
613.2
589.6
497.7
406.3
310.7
222.0
293.0
309.5
301.4
318.2
312.5
315.3
265.1
241.0
198.4
178.2
96.8
106.0
102.7
170.8
234.3
295.3
369.4
521.9
542.0
577.833333333
661.75
827.5

X-Y coordinates of centroids per window 
705.866666667 207.266666667
688.0 226.0
685.0 252.133333333
699.733333333 266.866666667
740.866666667 327.133333333
781.733333333 375.2
821.0 404.866666667
846.333333333 436.133333333
791.733333333 434.8
756.066666667 434.2
706.333333333 441.4
651.2 424.666666667
617.866666667 429.733333333
537.2 416.533333333
499.4 416.2
467.866666667 412.733333333
443.0 433.333333333
414.333333333 436.133333333
443.333333333 464.666666667
428.733333333 465.0
413.0 467.666666667
377.2 438.933333333
336.6 405.0
293.2 373.266666667
267.933333333 342.133333333
295.933333333 310.933333333
308.0 310.666666667
333.222222222 308.222222222
384.333333333 311.666666667
491.333333333 313.666666667

Users closest to the centroid per window
1130203
1130203
1130203
1130203
1130203
1130203
1130203
1130203
1130203
1130203
1130201
1130201
1130201
1130201
1130201
1130201
1130201
1130201
1130201
1130203
1130203
1130203
1130203
1130203
1130203
1130201
1130201
1130201
1130201
1130201

